789355111153403
789355411153373
359533810911960
366917926840215
359533174245357
773581596091394
773581609424726
381739628697353
279478045579675
872063069522204
872067196188458
872062679522243
1402232730073804
1547724465477804
1530666130516971
1520973531466077
788171777923673
788171644590353
1578466262388824
1578466489055468
1578470839055033
1601168643448387
1464926190428594
1464926167095263
334220426780978
648180378629533
648180398629531
648180275296210
288280761382653
553453064782035
1588424864719659
746324582106641
746324838773282
1573846649505186
1573846229505228
481172632021826
400197026799008
364383983724907
702110463208378