884557291606115
872068212855023
872068042855040
872067619521749
872062272855617
872062856188892
872063069522204
872061949522316
872061769522334
872062602855584
872067196188458
872065776188600
872063532855491
872062679522243
872062542855590
872066516188526
734220269973152
848796631848848
734220206639825
734220279973151
836309246438574
583052475121823
553453128115362
553453248115350
553453084782033
553453238115351
553453064782035
553453158115359
553453268115348
553453144782027
553453074782034
553453178115357
553453194782022
553453278115347
553453214782020
553453118115363
553453098115365
553453108115364
553453168115358
553453204782021
553453224782019
553453258115349
658787647497270
658787654163936
658787660830602
658787667497268
658787674163934
658787684163933
658787690830599
658787697497265
658787704163931
658787710830597
658787717497263
658787724163929
658787730830595
658787740830594
658787747497260
658787754163926
658787760830592
658787767497258
658787774163924
658787784163923
658787794163922
658787800830588