320763754784437
320763771451102
320785064782306
320763728117773
279478075579672
279478118913001
279478025579677
279478065579673
279478148912998
279478128913000
285096561684490
279478012246345
279478002246346
279478045579675
279478035579676
279478088913004
279478138912999
279478098913003
279478158912997
279478108913002
1601168630115055
1601168783448373
1601168696781715
1601168506781734
1601168453448406
1601168520115066
1601168366781748
1601168466781738
1601168396781745
1601168410115077
1601587506739834
1601168796781705
1601168603448391
1601168903448361
1601168643448387
1601168836781701
1601168546781730
1601168480115070
1601168493448402
1601168670115051
619434111483659
619434134816990