505117279646447
789355397820041
789355354486712
359532287578779
1064722203555913
773581652758055
381536675384315
698963333549476
279478088913004
1529175927332658
1554246354804412
788171744590343
1601168410115077
1601168546781730
383649115129861
1530127093935906
648180301962874
830546436966578
553453194782022
823238361028475
746324712106628
1530358400538302
1573846279505223
400196933465684
400196956799015
702110266541731
126362137548583
126361974215266
126361890881941
387545531371331
387545828037968
387545838037967
1398251753726341