792634180810766
788173407923510
788701487870702
788171731257011
788171661257018
788171777923673
788171644590353
788171821257002
788171847923666
788171744590343
788171674590350
788676574539860
788171807923670
788171757923675
788171861256998
788171717923679
1435019936788963
1435018730122417
1435019480122342
1435018460122444
1435018290122461
1435018950122395
1435019743455649
1435021223455501
1435019863455637
1435019323455691
1435020103455613
1435020383455585
1435020633455560
1435020460122244
1435020546788902
1435021390122151
583052308455173
583052351788502
619456198148117
830546273633261
830546350299920
830546300299925
830546450299910
830546246966597
830546410299914
830546363633252
830546286966593
830546330299922
830546380299917
830546436966578
830546423633246
830546313633257
830546393633249
830546463633242
830546260299929