505117326313109
1598410647088904
359533944245280
381536842050965
381536828717633
698963243549485
698963320216144
698963190216157
320785064782306
1529175763999341
1554246401471074
1520973798132717
1520973771466053
1578461442389306
1601168630115055
1601168696781715
1601168506781734
1601168466781738
1601168396781745
1601168670115051
332668783603425
1435019936788963
1435018730122417
1435018460122444
1435019863455637
1435020103455613
619434181483652
583052335121837
583052351788502
619434111483659
619434134816990
619456198148117
583052475121823
583052631788474
396449307165842
396449380499168
396449127165860
396449370499169
334188620117492
288280931382636
830546313633257
830546393633249
830546260299929
553453248115350
553453268115348
553453074782034
553453204782021
1530358260538316
1530358417204967
1573846696171848
1573846662838518
1573846409505210
1573846256171892
1573846422838542
1573846432838541
1573846492838535
364384037058235
702110346541723
126361987548598
126361994215264
126362117548585
126362130881917
387545514704666
387545538037997
387545828037968
1398251820393001
1398251717059678
1398251807059669
1398251833726333