505116989646476
1598371140426188
789355311153383
1064722233555910
1064722216889245
320785064782306
279478012246345
872063532855491
1402232776740466
1529175807332670
1554246431471071
1520973618132735
1520973798132717
1578461899055927
1578461442389306
1601168396781745
1435018730122417
1435018460122444
1435018290122461
1435018950122395
1435019743455649
1435021223455501
1435019863455637
1435019323455691
1435020103455613
1435020633455560
1435020460122244
1435020546788902
1435021390122151
383649078463198
383649218463184
383649408463165
383649288463177
383649145129858
383649255129847
583052301788507
583052308455173
583052315121839
583052321788505
583052335121837
583052345121836
583052351788502
619434111483659
583052381788499
583052408455163
619434141483656
583052475121823
583052501788487
583052515121819
583052581788479
396449133832526
396449307165842
396449313832508
396449327165840
396449127165860
396449220499184
335520473317640
648180361962868
288280801382649
830546410299914
553453248115350
1588424634719682
610917642367323
746324608773305
746324725439960
1530358417204967
1560932214122348
1573846662838518
1573846256171892
1573846302838554
1573846492838535
481172852021804