1598410647088904
1598371140426188
1598402830423019
1598405803756055
1598406790422623
1598406260422676
1598357893760846
1598404330422869
1598374337092535
1605070689756233
1598403060422996
1598357860427516
1605075786422390
1598371120426190
1598361097093859
1598413703755265
1598408760422426
1605070593089576
1598358110427491
1598357877094181
288280748049321
288280801382649
288280848049311
288280944715968
288280931382636
288280861382643
288281014715961
288280761382653
288280831382646
288280984715964
288281084715954
288280914715971
288280958049300
288280874715975
289548364589226
288280901382639
289548577922538
288280888049307
288280774715985
288281028049293
288280788049317
288281054715957
288280971382632
288281041382625
610917925700628
610917302367357
610944349031319
610917762367311
610917642367323
610944219031332
610917802367307
610917969033957
610917895700631
610917512367336
610917955700625
610917359034018
610917542367333
610917999033954
610917612367326
610917725700648
610917939033960
610917835700637
610917475700673
610917982367289
610917682367319
610917869033967