1598413703755265
359532594245415
359533130912028
1064722260222574
279478118913001
1601168410115077
383649201796519
383649395129833
383649165129856
648180428629528
830546246966597
830546436966578
553453084782033
553453194782022
823242087694769
1562845747264328
1573846369505214
400197060132338
364384003724905
702110266541731
126361920881938
126361957548601
126361890881941
387545531371331
387545744704643
387545804704637
387545851371299
387545874704630
387545888037962
1398251843726332
1398251690393014
1398251917059658
1398251790393004
1398251923726324