776050522493318
776051869159850
776053405826363
787327224698981
776055732492797
776055705826133
776050869159950
776055082492862
776053459159691
776053379159699
776055719159465
776052625826441
776050509159986
776053339159703
776053352493035
776053365826367
776051925826511
776054615826242
776053272493043
776052079159829
776056139159423
776053392493031
776051489159888
776055692492801
359532594245415
685209848254985
773581519424735
773581679424719
773581492758071
773581532758067
773581479424739
773581639424723
773581596091394
773581622758058
773581692758051
773581666091387
773581609424726
773581562758064
280659925467310
280659615467341
280659542134015
526120084186357
526120200853012
526120330852999
526120160853016
526120054186360
526120040853028
526120174186348
526120100853022
526120187519680
526120317519667
526120374186328
526120130853019
526120067519692
526120144186351
526120214186344
526120347519664
526120230853009
526120290853003
526120304186335
526120247519674
526120360852996
526120117519687
526120260853006
526120277519671
334655686738068
334655600071410
809485575790944